New dataset
Velocidade | aceleração angular | Posição (RSS) | time | Posição real
0.0 | 58.379454445310486 | [0.09214134319782707, -5.542918306400413e-05] | 1672708987.1114802 | [0.09214120358228683, -5.5237360356841236e-05]
0.0 | 0.2604043025555886 | [0.13702558516200758, -0.00015685435332651876] | 1672708987.2840655 | [0.13702569901943207, -0.0001568871521158144]
0.0 | -0.011708866043041725 | [0.18198995326938872, -8.921599757649723e-05] | 1672708987.4240425 | [0.16696712374687195, -0.00010529203427722678]
0.0 | 0.015077298841620668 | [0.2269942033080775, -8.199143284537413e-06] | 1672708987.5776315 | [0.2119986116886139, -2.5011666366481222e-05]
0.0 | -0.027937571959990595 | [0.2569744542161966, 7.607477543003505e-05] | 1672708987.717338 | [0.25697457790374756, 7.606061990372837e-05]
0.0 | -0.009482560220421666 | [0.30194455370149254, 0.00014083570197154227] | 1672708987.8705907 | [0.30194443464279175, 0.00014087004819884896]
0.0 | 0.015283749779899223 | [0.36191821011893055, 0.00019432597205393254] | 1672708988.0276399 | [0.3469405472278595, 0.00016930994752328843]
0.0 | 0.012702457967965273 | [0.3918984630136305, 0.00023737868010853536] | 1672708988.1653132 | [0.3918982744216919, 0.00023752779816277325]
0.0 | -0.0005271189491946459 | [0.43693184988262346, 0.0003132939823916603] | 1672708988.3238482 | [0.43693193793296814, 0.00031321405549533665]
0.0 | -0.0036167850419022243 | [0.49689036504227135, 0.00042407344002226566] | 1672708988.4804664 | [0.481893926858902, 0.00039664056384935975]
0.0 | -0.022065134394205165 | [0.5418846899692135, 0.0005004107232908783] | 1672708988.620092 | [0.5268808603286743, 0.0004650412010960281]
0.0 | 0.004589214517006264 | [0.5868981276491554, 0.0005807420458260326] | 1672708988.7746832 | [0.5718673467636108, 0.000549270655028522]
0.0 | 0.011978742067269454 | [0.6318462364195677, 0.0006133926684904756] | 1672708988.9293149 | [0.6168654561042786, 0.0005932276835665107]
0.0 | 0.00039748804432629577 | [0.661862637424237, 0.0006665929565595752] | 1672708989.0689397 | [0.6618626117706299, 0.0006665409309789538]
0.0 | -0.01708940933610282 | [0.7068538910260621, 0.0007567167430668764] | 1672708989.2234993 | [0.7068538665771484, 0.0007568054716102779]
0.0 | -0.015567507491813504 | [0.766831897794369, 0.0008537551036739144] | 1672708989.378127 | [0.7518167495727539, 0.0008274583960883319]
0.0 | -0.006325360209738213 | [0.811807403476826, 0.0009210111156656708] | 1672708989.5208006 | [0.7968225479125977, 0.0009001830476336181]
0.0 | 0.004129208330132062 | [0.8567951041581907, 0.0009839165690764817] | 1672708989.6743896 | [0.8418124914169312, 0.0009626217070035636]
0.0 | 0.005954504134262425 | [0.901784687443633, 0.0010797647352668305] | 1672708989.8309784 | [0.9017845392227173, 0.0010798213770613074]
0.0 | 0.015777641823549935 | [0.9467685488131636, 0.0011763280501443374] | 1672708989.9755952 | [0.9317680597305298, 0.00115947425365448]
0.0 | 5.669600765548233e-06 | [0.9917614702083175, 0.0012685997326402632] | 1672708990.1285346 | [0.9767481088638306, 0.001232505077496171]
0.0 | -0.0037978568236857685 | [1.0217430717232243, 0.0013036674769377754] | 1672708990.2667966 | [1.0217431783676147, 0.0013036882737651467]
0.0 | -0.0003683259071657243 | [1.081721560858306, 0.0014288299528468773] | 1672708990.425954 | [1.0667407512664795, 0.0014009933220222592]
0.0 | 0.019892355808318083 | [1.1117198628191165, 0.001494872691709892] | 1672708990.5680788 | [1.1117198467254639, 0.0014948069583624601]
0.0 | -0.0026243941406583317 | [1.1716983462275106, 0.0015928656400068242] | 1672708990.725711 | [1.1566894054412842, 0.0015676639741286635]
0.0 | 0.004803223169620238 | [1.216672673811963, 0.0016698738118168244] | 1672708990.893871 | [1.2166727781295776, 0.001669877558015287]
0.0 | 0.0013241565777769371 | [1.2466645381039738, 0.001724234784600931] | 1672708991.0189745 | [1.2466645240783691, 0.0017241693567484617]
0.0 | 0.020254518282681943 | [1.3066358698180072, 0.0018451144557951604] | 1672708991.1736069 | [1.291651964187622, 0.0018034891691058874]
0.0 | -0.02637358184909826 | [1.3516347497522385, 0.0019087803224910882] | 1672708991.3278964 | [1.3366360664367676, 0.0018907483899965882]
0.0 | 0.010707846637270561 | [1.38160205674592, 0.001970294357098945] | 1672708991.4670734 | [1.3816019296646118, 0.001970403827726841]
0.0 | 0.018514526738358336 | [1.4416039160872225, 0.002054199654096367] | 1672708991.6260214 | [1.4265940189361572, 0.002015981823205948]
0.0 | 0.008562612529899438 | [1.4865746607492918, 0.0021233530813371537] | 1672708991.7814908 | [1.4715888500213623, 0.0020960334222763777]
0.0 | -0.017317629748369145 | [1.531584995950389, 0.002204163072487164] | 1672708991.9201193 | [1.5165667533874512, 0.002172082895413041]
0.0 | 0.009027471301430666 | [1.5765731268689114, 0.0022907584805176295] | 1672708992.076703 | [1.5765728950500488, 0.0022907911334186792]
0.0 | 0.13405322246493187 | [1.6044829075979878, 0.0022694882836475916] | 1672708992.2163649 | [1.6044830083847046, 0.00226954254321754]
0.0 | 0.7807887674867166 | [1.6210696791947035, 0.0016052724277222374] | 1672708992.3769002 | [1.6210696697235107, 0.0016051691491156816]
0.0 | 15.02636356728173 | [1.6223895826112487, 0.0002305135591398333] | 1672708992.5161726 | [1.622389793395996, 0.00023049628362059593]
0.0 | 35.09078546176726 | [1.6247404159356384, -0.0034553724157662113] | 1672708992.6711922 | [1.6247402429580688, -0.0034552887082099915]
0.0 | 63.80764166745888 | [1.6230547080768887, -0.014744547671882824] | 1672708992.8263917 | [1.6238324642181396, -0.011376064270734787]
0.0 | 85.70782245592747 | [1.6238186454241588, -0.0214557646600273] | 1672708992.969056 | [1.6238186359405518, -0.02145574614405632]
0.0 | 90.00444569845294 | [1.634417295793083, -0.03147552470100767] | 1672708993.1262088 | [1.6313912868499756, -0.02927849255502224]
0.0 | 93.03720495658115 | [1.644404606786958, -0.0363788691772553] | 1672708993.2805939 | [1.644404649734497, -0.036378953605890274]
0.0 | 98.34051687654352 | [1.6543491498673224, -0.03907345723064681] | 1672708993.4197218 | [1.651324987411499, -0.03842990845441818]
0.0 | 66.68777072350944 | [1.661517815778703, -0.03783059983347181] | 1672708993.5773025 | [1.661517858505249, -0.03783067688345909]
0.0 | 54.19908024977936 | [1.6676715032485274, -0.018630970680305392] | 1672708993.7323618 | [1.6661077737808228, -0.027061963453888893]
0.0 | 27.242260015046995 | [1.6680324367399113, 0.01484795372721015] | 1672708993.8749838 | [1.668631911277771, 0.002349788323044777]
0.0 | 3.3016933809452653 | [1.6631257828902757, 0.05857415942618949] | 1672708994.0305645 | [1.665043592453003, 0.04359535127878189]
0.0 | -0.706642750212802 | [1.6578109247414614, 0.10331704447478485] | 1672708994.1697505 | [1.6594880819320679, 0.08841698616743088]
0.0 | 0.009758633638593178 | [1.652850864272117, 0.14802839605690976] | 1672708994.327355 | [1.6545060873031616, 0.13311782479286194]
0.0 | 0.009348116661190727 | [1.6495340179479099, 0.17782874814587468] | 1672708994.465813 | [1.6495342254638672, 0.17782887816429138]
0.0 | -0.0013975674012030313 | [1.6429341041055037, 0.23744199696585344] | 1672708994.6209195 | [1.6445868015289307, 0.22252781689167023]
0.0 | 0.006736104861410755 | [1.6379730905591374, 0.2821545404133965] | 1672708994.7771456 | [1.6396291255950928, 0.26725536584854126]
0.0 | 0.0015936452694444848 | [1.634660014157204, 0.3119606988671324] | 1672708994.9158113 | [1.634660005569458, 0.3119606375694275]
0.0 | -0.0025680801331795303 | [1.6280253018425053, 0.3715837019936523] | 1672708995.0723956 | [1.6296827793121338, 0.3566676676273346]
0.0 | -0.0053067233015603975 | [1.6230504469365015, 0.4163003204082967] | 1672708995.2305188 | [1.6247081756591797, 0.4013914167881012]
0.0 | -0.004734333906127117 | [1.6180875384709337, 0.46101856432321053] | 1672708995.3720179 | [1.6197435855865479, 0.44611114263534546]
0.0 | -0.002657462810743456 | [1.6131346308228176, 0.5057337305175469] | 1672708995.5271168 | [1.6147897243499756, 0.4908318519592285]
0.0 | -0.0030022014643909826 | [1.6098316450296861, 0.5355447689386956] | 1672708995.6669235 | [1.6098315715789795, 0.535544753074646]
0.0 | 0.00107811163962465 | [1.6048744086735578, 0.5802590424007892] | 1672708995.821514 | [1.604874610900879, 0.5802590250968933]
0.0 | 0.007996062194937413 | [1.5982611404432572, 0.6398608483657245] | 1672708995.9770985 | [1.5982612371444702, 0.6398609280586243]
0.0 | -0.001645551213196693 | [1.5949485676951907, 0.6696893741011898] | 1672708996.1148558 | [1.5949487686157227, 0.669689416885376]
0.0 | 0.0031145561308193715 | [1.5883158025825972, 0.7293008746085373] | 1672708996.2718735 | [1.5899736881256104, 0.7143901586532593]
0.0 | -0.0003269681062524815 | [1.5833537654761178, 0.7740144757791337] | 1672708996.4284198 | [1.5850123167037964, 0.759099543094635]
0.0 | -0.0027963460855912484 | [1.5783955964127827, 0.8187058234807353] | 1672708996.5700748 | [1.58004891872406, 0.8038128018379211]
0.0 | 0.001195959474782225 | [1.5734278838199578, 0.8634462942499639] | 1672708996.728178 | [1.575084924697876, 0.8485331535339355]
0.0 | -0.0028520165122472227 | [1.5684654955274318, 0.9081585201791176] | 1672708996.8698514 | [1.5701245069503784, 0.8932396173477173]
0.0 | 0.00479335493978928 | [1.5635106634110132, 0.95285249097198] | 1672708997.0294619 | [1.5635106563568115, 0.9528525471687317]
0.0 | 0.0017194576539438105 | [1.5585459276926246, 0.9975723000807921] | 1672708997.182894 | [1.5602002143859863, 0.9826852679252625]
0.0 | -0.0024195612481793805 | [1.5552394824570541, 1.0273987793813162] | 1672708997.3207793 | [1.5552396774291992, 1.0273988246917725]
0.0 | 0.0017567073775741967 | [1.548610055106323, 1.0870250693103933] | 1672708997.4777355 | [1.548609972000122, 1.0870250463485718]
0.0 | 0.00217253627945016 | [1.5453065082789037, 1.1168388613814395] | 1672708997.6168218 | [1.5453063249588013, 1.116838812828064]
0.0 | 0.0038894278348086224 | [1.5386970104363056, 1.176445011660136] | 1672708997.7734587 | [1.5403419733047485, 1.1615527868270874]
0.0 | 0.002967967138437946 | [1.5337649839135135, 1.221159587092101] | 1672708997.929721 | [1.5353907346725464, 1.2062534093856812]
0.0 | -0.0038971337061674462 | [1.528800731582856, 1.2658846426203958] | 1672708998.0728455 | [1.530439019203186, 1.2509781122207642]
0.0 | 0.005611587175341774 | [1.5238673740812931, 1.3106215050511336] | 1672708998.229473 | [1.5255160331726074, 1.2957103252410889]
0.0 | -0.01842399405880319 | [1.5205638910021073, 1.340440462959624] | 1672708998.3695822 | [1.520564079284668, 1.3404405117034912]
0.0 | -0.008998186572528277 | [1.5139915756815188, 1.4000442359781458] | 1672708998.5244958 | [1.515621542930603, 1.385150671005249]
0.0 | 0.008629609501670913 | [1.5090296313160485, 1.4447391091995965] | 1672708998.6801012 | [1.5106651782989502, 1.4298667907714844]
0.0 | 0.01496494004509293 | [1.5057269995068192, 1.4745512729928762] | 1672708998.8177323 | [1.5057271718978882, 1.4745513200759888]
0.0 | 0.0062098524757851865 | [1.499120420781486, 1.534191202268948] | 1672708999.016293 | [1.4991205930709839, 1.5341912508010864]
0.0 | 0.0002313546348911767 | [1.494141316769984, 1.578908718631074] | 1672708999.17487 | [1.4941412210464478, 1.5789086818695068]
0.0 | 0.16049278903209901 | [1.490196707796748, 1.6160128189304306] | 1672708999.3321278 | [1.490196704864502, 1.6160128116607666]
0.0 | 2.2709931749738703 | [1.489404947420217, 1.6238622433482264] | 1672708999.468226 | [1.4894050359725952, 1.6238622665405273]
0.0 | 21.726417345355774 | [1.4922302077037757, 1.626422620336022] | 1672708999.6241307 | [1.491077184677124, 1.6255203485488892]
0.0 | 43.533906730563764 | [1.4955503139002841, 1.6277280839238353] | 1672708999.7861712 | [1.4955503940582275, 1.6277281045913696]
0.0 | 81.69350761576503 | [1.50545454244171, 1.6260595402617748] | 1672708999.9208403 | [1.5054545402526855, 1.6260595321655273]
0.0 | 86.72153726832425 | [1.5179177922301899, 1.6314617183161628] | 1672709000.074022 | [1.5154244899749756, 1.6287378072738647]
0.0 | 91.45278815423356 | [1.5230651882325645, 1.641825364310112] | 1672709000.231169 | [1.5230650901794434, 1.6418253183364868]
0.0 | 119.24601096955591 | [1.5262183192939949, 1.6527989822981661] | 1672709000.3747885 | [1.5252840518951416, 1.6491243839263916]
0.0 | 76.3816519238477 | [1.5276202208573726, 1.6599477248608001] | 1672709000.5144515 | [1.5276203155517578, 1.6599477529525757]
0.0 | -1990.786140508736 | [1.5278237351931456, 1.6682781745373418] | 1672709000.6707463 | [1.527823567390442, 1.6682780981063843]
0.0 | 73.9213767676543 | [1.5262358991585365, 1.6794609251145327] | 1672709000.828924 | [1.5267006158828735, 1.6762346029281616]
0.0 | 86.04275182551079 | [1.525745679004542, 1.6861546954966258] | 1672709000.9690235 | [1.5246856212615967, 1.6857259273529053]
0.0 | 53.671897956073266 | [1.5210024671639164, 1.6913832031797646] | 1672709001.1236925 | [1.5210022926330566, 1.6913831233978271]
0.0 | 44.10465534751383 | [1.495761157801501, 1.6785638417069204] | 1672709001.2813601 | [1.50397527217865, 1.684295892715454]
0.0 | 28.93144621451551 | [1.4776794097494625, 1.662847140473268] | 1672709001.4190745 | [1.4776794910430908, 1.6628471612930298]
0.0 | 1.8262040174888463 | [1.4370601467274073, 1.6198901918915147] | 1672709001.5752773 | [1.4472856521606445, 1.630925178527832]
0.0 | -0.15201239501335953 | [1.4061033587202376, 1.5872748152142155] | 1672709001.727915 | [1.4164483547210693, 1.5981239080429077]
0.0 | 0.029204181874856502 | [1.3854229530520286, 1.5655727402857424] | 1672709001.8661184 | [1.385422945022583, 1.565572738647461]
0.0 | 0.009312967438261485 | [1.344054360210279, 1.522104382887147] | 1672709002.0209088 | [1.3543916940689087, 1.5329681634902954]
0.0 | 0.013937096461860482 | [1.313036226672338, 1.4895143359044158] | 1672709002.175495 | [1.3233778476715088, 1.5003798007965088]
0.0 | -0.00100716564773285 | [1.292363996231974, 1.4677952578876925] | 1672709002.3171163 | [1.2923638820648193, 1.4677952527999878]
0.0 | -0.00025799006246548655 | [1.2613444477657465, 1.4352066457926396] | 1672709002.47415 | [1.2613444328308105, 1.435206651687622]
0.0 | 0.016265945930974246 | [1.2200047069583055, 1.3917776243126807] | 1672709002.6302562 | [1.2200047969818115, 1.3917776346206665]
0.0 | -0.01637892045815602 | [1.1993112746940207, 1.3700740241598683] | 1672709002.767551 | [1.1993112564086914, 1.3700740337371826]
0.0 | -0.0099176755862665 | [1.1683247319371368, 1.3375122399591794] | 1672709002.923104 | [1.168324589729309, 1.3375122547149658]
0.0 | 0.04508585791716826 | [1.1269642378151445, 1.2940837077072664] | 1672709003.0807145 | [1.1269643306732178, 1.2940837144851685]
0.0 | -0.006522757954289006 | [1.106293579681224, 1.2723649500555945] | 1672709003.2193334 | [1.1062934398651123, 1.2723649740219116]
0.0 | -0.02410026095801997 | [1.0649553783005472, 1.22893249537785] | 1672709003.3764715 | [1.0753010511398315, 1.2397940158843994]
0.0 | 0.002152022826569031 | [1.044276979089716, 1.2072191053167367] | 1672709003.5160618 | [1.0442769527435303, 1.207219123840332]
0.0 | 0.001428788817778084 | [1.0132840134714494, 1.1746356090415178] | 1672709003.6713219 | [1.0132838487625122, 1.174635648727417]
0.0 | 0.005140579175156035 | [0.9719145704183084, 1.1311971797626414] | 1672709003.8260703 | [0.982251763343811, 1.1420505046844482]
0.0 | -0.0036224500350818577 | [0.9408908204930189, 1.0986108537153747] | 1672709003.984591 | [0.9408907890319824, 1.0986108779907227]
0.0 | -0.0004758249417659776 | [0.9202403012827948, 1.0769084466059873] | 1672709004.1195793 | [0.9202402830123901, 1.0769084692001343]
0.0 | -0.007092762546157113 | [0.8789122596489567, 1.0335032499595735] | 1672709004.2741697 | [0.8892499208450317, 1.0443546772003174]
0.0 | 0.04806877170722307 | [0.8478900544827166, 1.0009108631718537] | 1672709004.4327636 | [0.8582276105880737, 1.011763334274292]
0.0 | -0.009321182390691494 | [0.8272417129602319, 0.9792026980640007] | 1672709004.5733857 | [0.8272415995597839, 0.9792027473449707]
0.0 | 0.0013525625891114773 | [0.7858910760771907, 0.935782659281014] | 1672709004.7289712 | [0.7962265610694885, 0.9466283917427063]
0.0 | 0.03042249289151295 | [0.765203379794188, 0.9140599675526109] | 1672709004.867017 | [0.7652033567428589, 0.9140599966049194]
0.0 | 0.01244757776104819 | [0.7342229830230047, 0.8814923100904646] | 1672709005.0210066 | [0.7342232465744019, 0.8814922571182251]
0.0 | 0.00865576590810032 | [0.7032346928573242, 0.8489010213250668] | 1672709005.1757724 | [0.7032347321510315, 0.8489009737968445]
0.0 | 0.011794661847659345 | [0.6722207739095131, 0.8163124870112322] | 1672709005.3149304 | [0.6722206473350525, 0.8163126111030579]
0.0 | -0.021436142054188437 | [0.6412379186187543, 0.7837224738752331] | 1672709005.472016 | [0.6412378549575806, 0.7837225198745728]
0.0 | 0.0167791744366111 | [0.6102261648548517, 0.7511403246950576] | 1672709005.6244147 | [0.6102257966995239, 0.7511404752731323]
0.0 | 0.0039722844716183255 | [0.5688921619947451, 0.7076831858844844] | 1672709005.7780044 | [0.5792316794395447, 0.7185503840446472]
0.0 | 0.013672851610796309 | [0.5482381437343902, 0.685964238267765] | 1672709005.9172456 | [0.5482379198074341, 0.6859642863273621]
0.0 | 0.009816232008368729 | [0.5172152782146916, 0.6533915488729767] | 1672709006.0722508 | [0.5172148942947388, 0.6533917188644409]
0.0 | 0.03377486603420093 | [0.4758875580118043, 0.6099388469024353] | 1672709006.2288332 | [0.48620185256004333, 0.620785117149353]
0.0 | 0.007854930978517258 | [0.45522736481803555, 0.5882175193453136] | 1672709006.3688867 | [0.45522746443748474, 0.5882174968719482]
0.0 | -0.00947433391267581 | [0.41387832165730115, 0.5447474658574318] | 1672709006.5244706 | [0.4242139756679535, 0.5556086897850037]
0.0 | 0.01593559908641379 | [0.38289473414391423, 0.5121676920315166] | 1672709006.6800551 | [0.3932173252105713, 0.5230262875556946]
0.0 | -0.020786774675928703 | [0.3622289260679931, 0.4904376932057985] | 1672709006.8198378 | [0.3622288703918457, 0.4904378056526184]
0.0 | -0.011805332140516125 | [0.3312233061705402, 0.4578227455057455] | 1672709006.9789305 | [0.3312232494354248, 0.45782271027565]
0.0 | -0.0014264591767261061 | [0.30021860357981955, 0.4252381187977289] | 1672709007.1170907 | [0.3002186417579651, 0.4252381920814514]
0.0 | -0.05208167018609422 | [0.2692352674686208, 0.39264760044896974] | 1672709007.2719483 | [0.2692350447177887, 0.39264780282974243]
0.0 | -0.01893770715615239 | [0.23824538495087655, 0.3600378956940254] | 1672709007.4268491 | [0.2382451593875885, 0.3600381016731262]
0.0 | 0.014260096157039536 | [0.2072389341828671, 0.32746289762548164] | 1672709007.5668375 | [0.20723898708820343, 0.32746294140815735]
0.0 | 0.013724707057769889 | [0.17620641195349152, 0.2948803296485029] | 1672709007.7208548 | [0.1762063056230545, 0.29488039016723633]
0.0 | 0.023230444859798714 | [0.1348884733792598, 0.2514509533617807] | 1672709007.8768375 | [0.14521661400794983, 0.2623142898082733]
0.0 | 0.03845467023891621 | [0.11422393715927881, 0.22975090604169573] | 1672709008.0166998 | [0.11422403901815414, 0.22975091636180878]
0.0 | 0.002959643394899145 | [0.08323517449922602, 0.19716461049769662] | 1672709008.17184 | [0.08323492854833603, 0.19716469943523407]
0.0 | 0.00890616081664328 | [0.04190150222040245, 0.1537316552554277] | 1672709008.327809 | [0.04190123826265335, 0.1537318229675293]
0.0 | 0.026666782473237602 | [0.010926551103851656, 0.12114065183743367] | 1672709008.4804168 | [0.010926508344709873, 0.12114081531763077]
0.0 | 0.012253808773955467 | [-0.009764515468216273, 0.09939176439158753] | 1672709008.623034 | [-0.00976475514471531, 0.09939193725585938]
0.0 | 0.007053116417836231 | [-0.04075186681043652, 0.06680744008672257] | 1672709008.7796166 | [-0.04075196385383606, 0.06680755317211151]
0.0 | -0.0280078866342195 | [-0.07176034811290516, 0.03421514246568791] | 1672709008.9182448 | [-0.07176041603088379, 0.03421511501073837]
0.0 | 6.242407093343359e-05 | [-0.10275180845577409, 0.001637992418477563] | 1672709009.0742486 | [-0.10275205224752426, 0.001638153218664229]
0.0 | 0.0017157573183643987 | [-0.13373517058256462, -0.030944990051342547] | 1672709009.2308307 | [-0.13373547792434692, -0.03094474971294403]
0.0 | 0.003216957137120023 | [-0.16478933237811833, -0.06354980133171495] | 1672709009.368423 | [-0.16478976607322693, -0.06354940682649612]
0.0 | -0.0171049326974825 | [-0.1957794324638122, -0.0961477521550933] | 1672709009.5224886 | [-0.19577936828136444, -0.09614785760641098]
0.0 | 0.006944058363340533 | [-0.22676270081392308, -0.12872035759469486] | 1672709009.6765864 | [-0.22676274180412292, -0.1287202686071396]
0.0 | -0.007709495386101393 | [-0.2577496657087291, -0.1613003970170387] | 1672709009.8172123 | [-0.2577495872974396, -0.16130051016807556]
0.0 | 0.008380800136997869 | [-0.28874612678859934, -0.19388208606506752] | 1672709009.97281 | [-0.2887462079524994, -0.1938820779323578]
0.0 | 0.013029815093383074 | [-0.31974451485773997, -0.22648437524876247] | 1672709010.1273994 | [-0.3197445571422577, -0.22648434340953827]
0.0 | -0.029617120503943897 | [-0.35075718685365126, -0.2591065992386088] | 1672709010.2660086 | [-0.3507574796676636, -0.2591063380241394]
0.0 | -0.01955896434007513 | [-0.38175422371719947, -0.29166098941358526] | 1672709010.420022 | [-0.38175448775291443, -0.29166072607040405]
0.0 | -0.03260605913581014 | [-0.41273024642866063, -0.32426733906307137] | 1672709010.5746055 | [-0.4127301275730133, -0.3242674171924591]
0.0 | 0.019316507132821254 | [-0.4437305194498912, -0.35684116671970606] | 1672709010.7274287 | [-0.44373053312301636, -0.3568410277366638]
0.0 | 0.0018198770119348384 | [-0.47475670461127795, -0.38946122403899736] | 1672709010.8680582 | [-0.47475695610046387, -0.389460951089859]
0.0 | -0.0036178982529553845 | [-0.5057405106523086, -0.42202014305064245] | 1672709011.0217006 | [-0.505740761756897, -0.4220198690891266]
0.0 | -0.016543822810945682 | [-0.5470969557235308, -0.46546310879173497] | 1672709011.1772847 | [-0.5367567539215088, -0.4546307623386383]
0.0 | 0.01835911123396465 | [-0.5677385784078965, -0.4871645790578278] | 1672709011.3166022 | [-0.5677386522293091, -0.4871644377708435]
0.0 | -0.007761166967764119 | [-0.5987353778503293, -0.5197528230283939] | 1672709011.4731817 | [-0.5987354516983032, -0.5197526812553406]
0.0 | 0.036247835212471324 | [-0.6400866962380973, -0.5631764762731969] | 1672709011.6317592 | [-0.6297533512115479, -0.5523300766944885]
0.0 | 0.027204512726152392 | [-0.6607125801596645, -0.5848858137592616] | 1672709011.7726452 | [-0.6607125401496887, -0.5848859548568726]
0.0 | 0.05414796342322693 | [-0.6917263063535812, -0.6174680971957198] | 1672709011.9273024 | [-0.6917262673377991, -0.6174682378768921]
0.0 | 0.008645672798004931 | [-0.7226756749743979, -0.6500606037460819] | 1672709012.0669334 | [-0.7226759195327759, -0.6500602960586548]
0.0 | 0.0013891971159553874 | [-0.7536459428316102, -0.6826399212944385] | 1672709012.2205176 | [-0.7536460161209106, -0.6826398372650146]
0.0 | -0.01188854196231803 | [-0.7846770748308536, -0.7152584441937739] | 1672709012.3751042 | [-0.7846771478652954, -0.7152584195137024]
0.0 | 0.06461131782151326 | [-0.8156641470483321, -0.7478415772537466] | 1672709012.5159175 | [-0.8156639933586121, -0.7478417158126831]
0.0 | 0.031499948849017384 | [-0.8466591111318645, -0.7804377925682732] | 1672709012.6700163 | [-0.8466591835021973, -0.780437707901001]
0.0 | -0.03188701571091583 | [-0.8879691246670691, -0.8239058283859575] | 1672709012.826736 | [-0.8776459693908691, -0.8130508661270142]
0.0 | -0.0002486420264979722 | [-0.9086145810490742, -0.8456544739862638] | 1672709012.9816017 | [-0.9086147546768188, -0.8456541895866394]
0.0 | -0.011683176309265964 | [-0.9395994430364734, -0.8782428160038693] | 1672709013.121724 | [-0.9395995140075684, -0.8782427906990051]
0.0 | 0.015040461956901662 | [-0.970539480788678, -0.9107744140223836] | 1672709013.277964 | [-0.9705394506454468, -0.9107744097709656]
0.0 | -0.015006689083026662 | [-1.001511110286389, -0.9433736261357479] | 1672709013.4175963 | [-1.0015113353729248, -0.9433733224868774]
0.0 | -0.012267886441127777 | [-1.0325290465947403, -0.9759677303941174] | 1672709013.5711796 | [-1.0325291156768799, -0.9759677052497864]
0.0 | -0.016431548272621405 | [-1.0635271676562859, -1.0085559745921509] | 1672709013.723771 | [-1.06352698802948, -1.0085562467575073]
